Running on host: c041
Working directory: /wendianHome/home/m10921061/DavidSpecularity/Figure4,S3,S4
Running Slurm Job ID: 61642174
DVG/IBH0c/GL0173a
DVG/IBH0c/GL0292d
DVG/IBH0c/GL0700a
DVG/IBH0c/GL0819a
DVG/IBH0c/GL1191a
DVG/IBH0c/X22a
DVG/IBH0c/X23a
DVG/IBH0c/X24a
DVG/IBH0c/X25a
DVG/IBH0c/X26a
DVG/IBH0c/X27a
D2DG/IBH0e/X10a
D2DG/IBH0e/X11a
D2DG/IBH0e/X12a
D2DG/IBH0e/X13a
D2DG/IBH0e/X14a
D2DG/IBH0e/X15a
D2DG/IBH0e/X17a
D2DG/IBH0e/X18a
D2DG/IBH0e/X19a
D2DG/IBH0e/X20a
D2DG/IBH0e/X21b
D2DG/IBH0e/X22a
D2DG/IBH0e/X23a
D2DG/IBH0e/X24a
D2DG/IBH0e/X25a
D2DG/IBH0e/X26a
D2DG/IBH0e/X27b
D2DG/IBH0e/X28a
D2DG/IBH0e/X29a
D2DG/IBH0e/X30a
D2DG/IBH0e/X31a
D2DG/IBH0e/X32a
D2DG/IBH0e/X33a
D2DG/IBH0e/X34a
D2DG/IBH0e/X35a
D2DG/IBH0e/X37a
D2DG/IBH0g/Y22a
D2DG/IBH0g/Y23a
D2DG/IBH0g/Y24a
D2DG/IBH0g/Y25a
D2DG/IBH0g/Y26a
D2DG/IBH0g/Y27a
D2DG/IBH0g/Y28a
D2DG/IBH0g/Y29a
D2DG/IBH0g/Y30a
D2DG/IBH0g/Y31a
D2DG/IBH0g/Y32a
D2DG/IBH0g/Y33a
D2DG/IBH0g/Y34a
D2DG/IBH0g/Y35a
40
40
11
11
2026
2675
2026
2675
2017-01-01 00:00:00 2019-01-01 00:00:00 2017-04-02 06:00:00 2018-10-01 18:00:00
[array([ 48.29938803,          nan,  32.99710149,          nan,
                nan,          nan,          nan,  48.29963336,
        15.36806516,          nan,          nan,  41.79611584,
        13.17262728,  32.99710149,   6.5994203 ,  87.8175152 ,
        87.81706915,  85.79246388, 101.19111124,  85.62207732,
                nan,          nan,          nan,          nan,
                nan,          nan,          nan,  19.75894092,
        43.9087576 ,          nan,  32.9315682 ,          nan,
       114.38995184,          nan,          nan,   2.19542673,
        87.99227065, 186.98357512, 116.35820764, 116.35820764,
       136.11714857, 147.09433797, 182.22134405, 188.80765769,
       162.46240313, 191.00309557, 259.06166985, 239.30272893,
        37.32244396, 136.11714857, 210.76203649, 120.7490834 ,
                nan,  15.36806516,  39.51788184,  35.12700608,
       162.14038717,  78.87950714,  28.54069244,  50.49481476,
       107.57645612,  30.73628644,  72.44945004,   4.38217263,
                nan,  76.8403258 ,  81.07060456,  26.29303576,
        57.08138488,  10.9554871 ,          nan,  61.35041677,
       184.0512503 , 153.68065161, 147.09508512, 109.55431566,
        28.48412207,          nan,          nan,   2.19109742,
        19.71987678,          nan,          nan,          nan,
                nan,          nan,          nan,          nan,
                nan,          nan,          nan,          nan,
                nan,          nan,          nan,          nan,
                nan,          nan,          nan,          nan,
                nan,  13.14651788,  10.95543157,          nan,
        45.92202354,  26.29303576,  50.3949852 ,          nan,
                nan,          nan,          nan,          nan,
                nan,          nan,          nan,          nan,
                nan,          nan, 253.664511  , 233.98364377,
       243.21058076, 146.80278298, 124.64549247, 122.45872945,
       192.81559555, 186.24233661, 164.00722694, 312.7071127 ,
       293.02624547, 299.58653454, 358.62913624, 378.31000348,
       354.25561019, 282.09100316, 247.10297176,  17.49410421,
        91.84404709,  87.47052103,          nan,          nan,
                nan,          nan,          nan,          nan,
                nan,          nan,          nan,          nan,
                nan,          nan,          nan,          nan,
                nan, 130.94674476,  80.91023196,  56.85583867,
        80.7504926 , 443.03648642, 332.38797993, 174.94104207,
       188.06162022, 196.80867233, 170.56665307,          nan,
                nan,          nan,          nan,          nan,
                nan,          nan,          nan,          nan,
                nan, 325.18441614, 449.58382366, 467.96728754,
       480.1380641 , 438.67159493,          nan, 387.05509735,
       316.45463316, 157.13688714, 319.26740178, 220.86194821,
        15.30726374,  28.42791934,          nan,          nan,
                nan,          nan, 216.48953956, 328.01445388,
       222.60946608, 305.54240443, 137.49408199,  85.11538409,
                nan,  39.28402343,  50.19625216,  37.17497144,
        24.05439328,          nan,  37.10157768,  37.10157768,
        41.54849749,          nan,          nan,          nan,
        56.85555102,  45.92179121,          nan,          nan,
                nan,  17.45956597,          nan, 146.22386498,
                nan,          nan,          nan,          nan,
                nan,          nan,          nan,  39.36173447,
                nan,   6.54733724, 176.77810542, 303.35995868,
       399.3875715 , 429.94181195, 303.9600606 ,  67.65581812,
       397.20512576,  63.29092663,  63.29092663, 124.39940752,
       187.69033415, 257.52859802, 320.81952465,  65.60289078,
                nan,  34.91913193, 144.04214654, 183.32544266,
       124.39940752, 141.58016963,          nan, 196.42011713,
       152.77120221, 161.5009852 , 157.13609371])]
[array([959.5429647 , 769.27111882, 639.0718058 , 635.00152309,
       696.24116862, 620.6829946 , 692.16125153, 802.41284243,
       652.64948094, 449.19019273, 273.59623635, 473.68900622,
       700.32834594, 700.33930038, 659.48943538, 491.0138572 ,
        93.92109606, 222.5521624 , 430.8119841 , 283.80505114,
        28.58468141, 375.68438424, 557.40128749, 669.69825017,
       832.71246946, 798.32931652, 896.31524549, 802.41284243,
       732.99290186, 369.55909537, 363.4338065 , 290.52260339,
       306.26444368, 383.85143607, 314.43149551, 216.42687353,
       314.43313491, 181.71690325,  98.20431061, 120.4646426 ,
                nan,  16.33410366,          nan,          nan,
                nan,          nan, 110.25519972, 191.92571804,
       239.37425772, 263.38742156, 277.67976227, 234.80274015,
        10.20881479, 392.81929472, 528.81660608, 553.31776157,
       651.32238355])]
